6 0
7 0
7 1
8 1
8 2
9 2
9 3
10 3
10 4
11 4
11 5
12 6
12 7
13 7
13 8
14 8
14 9
15 9
15 10
16 10
16 11
17 11
18 12
19 12
19 13
20 13
20 14
21 14
21 15
23 16
23 17
25 19
25 20
26 20
26 21
27 21
29 23
31 25
32 25
32 26
33 26
33 27
34 27
34 28
35 28
35 29
36 30
36 31
37 31
37 32
38 32
38 33
39 33
39 34
40 34
40 35
42 36
43 36
43 37
44 37
44 38
45 38
45 39
46 39
46 40
47 40
47 41
48 42
48 43
49 43
49 44
50 44
50 45
51 45
51 46
52 46
52 47
53 47
54 48
55 48
55 49
56 49
56 50
57 50
57 51
58 51
58 52
60 54
60 55
61 55
61 56
62 56
62 57
63 57
63 58
64 58
